Date,High,Low,Open,Close,Volume,Adj Close,Month,Day_month,Day_week,GDP,Fund_Rate,Unemployement,Neg,Neu,Pos
2019-04-29,2949.52002,2939.350098,2940.580078,2943.030029,3118780000,2943.030029,4,29,0,2,2.45,3.6,0.021,0.868,0.112
2019-04-30,2948.219971,2924.110107,2937.139893,2945.830078,3919330000,2945.830078,4,30,1,2,2.45,3.6,0.040,0.797,0.163
2019-05-01,2954.129883,2923.360107,2952.330078,2923.72998,3645850000,2923.72998,5,1,2,2,2.45,3.6,0.038,0.795,0.167
2019-05-02,2931.679932,2900.5,2922.159912,2917.52002,3778890000,2917.52002,5,2,3,2,2.41,3.6,0.037,0.799,0.164
2019-05-03,2947.850098,2929.209961,2929.209961,2945.639893,3338120000,2945.639893,5,3,4,2,2.4,3.6,0.021,0.804,0.175
2019-05-06,2937.320068,2898.209961,2908.889893,2932.469971,3181520000,2932.469971,5,6,0,2,2.4,3.6,0.033,0.803,0.165
2019-05-07,2913.030029,2862.600098,2913.030029,2884.050049,3767100000,2884.050049,5,7,1,2,2.4,3.6,0.030,0.797,0.173
2019-05-08,2897.959961,2873.280029,2879.610107,2879.419922,3485790000,2879.419922,5,8,2,2,2.39,3.6,0.026,0.803,0.171
2019-05-09,2875.969971,2836.399902,2859.840088,2870.719971,3638820000,2870.719971,5,9,3,2,2.38,3.6,0.034,0.794,0.171
2019-05-10,2891.310059,2825.389893,2863.100098,2881.399902,3529600000,2881.399902,5,10,4,2,2.38,3.6,0.021,0.818,0.160
2019-05-13,2840.189941,2801.429932,2840.189941,2811.870117,3894030000,2811.870117,5,13,0,2,2.38,3.6,0.024,0.823,0.153
2019-05-14,2852.540039,2820.120117,2820.120117,2834.409912,3322720000,2834.409912,5,14,1,2,2.38,3.6,0.017,0.818,0.165
2019-05-15,2858.679932,2815.080078,2820.379883,2850.959961,3125950000,2850.959961,5,15,2,2,2.4,3.6,0.018,0.820,0.162
2019-05-16,2892.149902,2855.800049,2855.800049,2876.320068,3338060000,2876.320068,5,16,3,2,2.39,3.6,0.027,0.808,0.165
2019-05-17,2885.47998,2854.22998,2858.600098,2859.530029,3257950000,2859.530029,5,17,4,2,2.39,3.6,0.022,0.800,0.178
2019-05-20,2853.860107,2831.290039,2841.939941,2840.22998,3288870000,2840.22998,5,20,0,2,2.39,3.6,0.028,0.790,0.182
2019-05-21,2868.879883,2854.02002,2854.02002,2864.360107,3218700000,2864.360107,5,21,1,2,2.39,3.6,0.026,0.822,0.152
2019-05-22,2865.469971,2851.110107,2856.060059,2856.27002,3192510000,2856.27002,5,22,2,2,2.38,3.6,0.023,0.817,0.159
2019-05-23,2836.699951,2805.48999,2836.699951,2822.23999,3891980000,2822.23999,5,23,3,2,2.38,3.6,0.024,0.822,0.154
2019-05-24,2841.360107,2820.189941,2832.409912,2826.060059,2887390000,2826.060059,5,24,4,2,2.38,3.6,0.017,0.805,0.177
2019-05-28,2840.51001,2801.580078,2830.030029,2802.389893,4121410000,2802.389893,5,28,1,2,2.39,3.6,0.016,0.820,0.164
2019-05-29,2792.030029,2766.060059,2790.25,2783.02002,3700050000,2783.02002,5,29,2,2,2.39,3.6,0.023,0.804,0.173
2019-05-30,2799,2776.73999,2786.939941,2788.860107,3273790000,2788.860107,5,30,3,2,2.39,3.6,0.038,0.784,0.179
2019-05-31,2768.97998,2750.52002,2766.149902,2752.060059,3981020000,2752.060059,5,31,4,2,2.4,3.6,0.023,0.798,0.179
2019-06-03,2763.070068,2728.810059,2751.530029,2744.449951,3943810000,2744.449951,6,3,0,2,2.38,3.7,0.022,0.818,0.159
2019-06-04,2804.48999,2762.639893,2762.639893,2803.27002,3810430000,2803.27002,6,4,1,2,2.38,3.7,0.033,0.788,0.180
2019-06-05,2827.280029,2800.919922,2818.090088,2826.149902,3548830000,2826.149902,6,5,2,2,2.38,3.7,0.031,0.790,0.179
2019-06-06,2852.100098,2822.449951,2828.51001,2843.48999,3396410000,2843.48999,6,6,3,2,2.37,3.7,0.022,0.809,0.168
2019-06-07,2884.969971,2852.870117,2852.870117,2873.340088,3220250000,2873.340088,6,7,4,2,2.37,3.7,0.028,0.803,0.169
2019-06-10,2904.77002,2885.51001,2885.830078,2886.72998,3209210000,2886.72998,6,10,0,2,2.37,3.7,0.029,0.805,0.166
2019-06-11,2910.610107,2878.530029,2903.27002,2885.719971,3548420000,2885.719971,6,11,1,2,2.37,3.7,0.032,0.798,0.170
2019-06-12,2888.570068,2874.679932,2882.72998,2879.840088,3034130000,2879.840088,6,12,2,2,2.37,3.7,0.025,0.798,0.177
2019-06-13,2895.23999,2881.98999,2886.23999,2891.639893,3069810000,2891.639893,6,13,3,2,2.37,3.7,0.026,0.814,0.159
2019-06-14,2894.449951,2879.620117,2886.820068,2886.97998,2922330000,2886.97998,6,14,4,2,2.36,3.7,0.019,0.820,0.161
2019-06-17,2897.27002,2887.300049,2889.75,2889.669922,2810140000,2889.669922,6,17,0,2,2.38,3.7,0.034,0.785,0.181
2019-06-18,2930.790039,2905.439941,2906.709961,2917.75,3437620000,2917.75,6,18,1,2,2.37,3.7,0.025,0.832,0.142
2019-06-19,2931.73999,2911.429932,2920.550049,2926.459961,3287890000,2926.459961,6,19,2,2,2.37,3.7,0.032,0.803,0.165
2019-06-20,2958.060059,2931.5,2949.600098,2954.179932,3905940000,2954.179932,6,20,3,2,2.37,3.7,0.028,0.809,0.163
2019-06-21,2964.149902,2946.870117,2952.709961,2950.459961,5000120000,2950.459961,6,21,4,2,2.38,3.7,0.036,0.783,0.181
2019-06-24,2954.919922,2944.050049,2951.419922,2945.350098,3136250000,2945.350098,6,24,0,2,2.38,3.7,0.030,0.797,0.173
2019-06-25,2946.52002,2916.01001,2945.780029,2917.379883,3578050000,2917.379883,6,25,1,2,2.38,3.7,0.030,0.802,0.168
2019-06-26,2932.590088,2912.98999,2926.070068,2913.780029,3478130000,2913.780029,6,26,2,2,2.38,3.7,0.026,0.794,0.180
2019-06-27,2929.300049,2918.570068,2919.659912,2924.919922,3122920000,2924.919922,6,27,3,2,2.38,3.7,0.028,0.813,0.159
2019-06-28,2943.97998,2929.050049,2932.939941,2941.76001,5420700000,2941.76001,6,28,4,2,2.4,3.7,0.019,0.803,0.177
2019-07-01,2977.929932,2952.219971,2971.409912,2964.330078,3513270000,2964.330078,7,1,0,2.1,2.39,3.7,0.033,0.799,0.169
2019-07-02,2973.209961,2955.919922,2964.659912,2973.01001,3206840000,2973.01001,7,2,1,2.1,2.4,3.7,0.029,0.791,0.180
2019-07-03,2995.840088,2977.959961,2978.080078,2995.820068,1963720000,2995.820068,7,3,2,2.1,2.41,3.7,0.026,0.798,0.176
2019-07-05,2994.030029,2967.969971,2984.25,2990.409912,2434210000,2990.409912,7,5,4,2.1,2.42,3.7,0.033,0.787,0.180
2019-07-08,2980.76001,2970.090088,2979.77002,2975.949951,2904550000,2975.949951,7,8,0,2.1,2.41,3.7,0.029,0.783,0.188
2019-07-09,2981.899902,2963.439941,2965.52002,2979.629883,3028210000,2979.629883,7,9,1,2.1,2.41,3.7,0.023,0.820,0.157
2019-07-10,3002.97998,2984.620117,2989.300049,2993.070068,3154240000,2993.070068,7,10,2,2.1,2.41,3.7,0.019,0.838,0.143
2019-07-11,3002.330078,2988.800049,2999.620117,2999.909912,3154620000,2999.909912,7,11,3,2.1,2.4,3.7,0.034,0.807,0.159
2019-07-12,3013.919922,3001.870117,3003.360107,3013.77002,2974960000,3013.77002,7,12,4,2.1,2.38,3.7,0.030,0.808,0.162
2019-07-15,3017.800049,3008.77002,3017.800049,3014.300049,2874970000,3014.300049,7,15,0,2.1,2.4,3.7,0.026,0.807,0.166
2019-07-16,3015.02002,3001.149902,3012.129883,3004.040039,3290650000,3004.040039,7,16,1,2.1,2.41,3.7,0.038,0.800,0.162
2019-07-17,3005.26001,2984.25,3005.100098,2984.419922,3181600000,2984.419922,7,17,2,2.1,2.41,3.7,0.040,0.780,0.179
2019-07-18,2998.280029,2973.090088,2978.870117,2995.110107,3296580000,2995.110107,7,18,3,2.1,2.41,3.7,0.036,0.805,0.159
2019-07-19,3006.02002,2975.860107,3004.26001,2976.610107,3260360000,2976.610107,7,19,4,2.1,2.41,3.7,0.027,0.799,0.175
2019-07-22,2990.709961,2976.649902,2981.929932,2985.030029,3003720000,2985.030029,7,22,0,2.1,2.4,3.7,0.033,0.803,0.164
2019-07-23,3005.899902,2988.560059,2994.73999,3005.469971,3313660000,3005.469971,7,23,1,2.1,2.4,3.7,0.046,0.781,0.173
2019-07-24,3019.590088,2996.820068,2998.77002,3019.560059,3428980000,3019.560059,7,24,2,2.1,2.4,3.7,0.037,0.803,0.160
2019-07-25,3016.310059,2997.23999,3016.26001,3003.669922,3645270000,3003.669922,7,25,3,2.1,2.4,3.7,0.035,0.806,0.159
2019-07-26,3027.97998,3012.590088,3013.25,3025.860107,3257590000,3025.860107,7,26,4,2.1,2.4,3.7,0.034,0.800,0.166
2019-07-29,3025.610107,3014.300049,3024.469971,3020.969971,3203710000,3020.969971,7,29,0,2.1,2.4,3.7,0.027,0.808,0.164
2019-07-30,3017.189941,3000.939941,3007.659912,3013.179932,3634330000,3013.179932,7,30,1,2.1,2.39,3.7,0.039,0.806,0.156
2019-07-31,3017.399902,2958.080078,3016.219971,2980.379883,4623430000,2980.379883,7,31,2,2.1,2.4,3.7,0.037,0.800,0.163
2019-08-01,3013.590088,2945.22998,2980.320068,2953.560059,4762300000,2953.560059,8,1,3,2.1,2.14,3.7,0.039,0.799,0.161
2019-08-02,2945.5,2914.110107,2943.899902,2932.050049,3874660000,2932.050049,8,2,4,2.1,2.14,3.7,0.034,0.798,0.168
2019-08-05,2898.070068,2822.120117,2898.070068,2844.73999,4513730000,2844.73999,8,5,0,2.1,2.13,3.7,0.029,0.819,0.152
2019-08-06,2884.399902,2847.419922,2861.179932,2881.77002,4154240000,2881.77002,8,6,1,2.1,2.13,3.7,0.036,0.803,0.162
2019-08-07,2892.169922,2825.709961,2858.649902,2883.97998,4491750000,2883.97998,8,7,2,2.1,2.12,3.7,0.037,0.793,0.169
2019-08-08,2938.719971,2894.469971,2896.209961,2938.090088,4106370000,2938.090088,8,8,3,2.1,2.12,3.7,0.030,0.821,0.150
2019-08-09,2935.75,2900.149902,2930.51001,2918.649902,3350640000,2918.649902,8,9,4,2.1,2.12,3.7,0.025,0.821,0.154
2019-08-12,2907.580078,2873.139893,2907.070068,2882.699951,2851630000,2882.699951,8,12,0,2.1,2.12,3.7,0.029,0.804,0.167
2019-08-13,2943.310059,2877.050049,2880.719971,2926.320068,3853600000,2926.320068,8,13,1,2.1,2.12,3.7,0.029,0.814,0.157
2019-08-14,2894.149902,2839.639893,2894.149902,2840.600098,4312530000,2840.600098,8,14,2,2.1,2.12,3.7,0.021,0.823,0.155
2019-08-15,2856.669922,2825.51001,2846.199951,2847.600098,4038000000,2847.600098,8,15,3,2.1,2.13,3.7,0.033,0.798,0.169
2019-08-16,2893.629883,2864.73999,2864.73999,2888.679932,3498150000,2888.679932,8,16,4,2.1,2.13,3.7,0.025,0.819,0.157
2019-08-19,2931,2913.47998,2913.47998,2923.649902,3212880000,2923.649902,8,19,0,2.1,2.13,3.7,0.021,0.814,0.165
2019-08-20,2923.629883,2899.600098,2919.01001,2900.51001,3066300000,2900.51001,8,20,1,2.1,2.13,3.7,0.025,0.815,0.160
2019-08-21,2928.72998,2917.909912,2922.040039,2924.429932,3011190000,2924.429932,8,21,2,2.1,2.12,3.7,0.028,0.822,0.151
2019-08-22,2939.080078,2904.51001,2930.939941,2922.949951,2890880000,2922.949951,8,22,3,2.1,2.12,3.7,0.028,0.820,0.152
2019-08-23,2927.01001,2834.969971,2911.070068,2847.110107,3937300000,2847.110107,8,23,4,2.1,2.12,3.7,0.031,0.780,0.189
2019-08-26,2879.27002,2856,2866.699951,2878.379883,2857600000,2878.379883,8,26,0,2.1,2.12,3.7,0.028,0.824,0.148
2019-08-27,2898.790039,2860.590088,2893.139893,2869.159912,3533630000,2869.159912,8,27,1,2.1,2.12,3.7,0.029,0.838,0.134
2019-08-28,2890.030029,2853.050049,2861.280029,2887.939941,3097420000,2887.939941,8,28,2,2.1,2.12,3.7,0.034,0.810,0.156
2019-08-29,2930.5,2905.669922,2910.370117,2924.580078,3176190000,2924.580078,8,29,3,2.1,2.12,3.7,0.023,0.817,0.160
2019-08-30,2940.429932,2913.320068,2937.090088,2926.459961,3008450000,2926.459961,8,30,4,2.1,2.13,3.7,0.025,0.824,0.152
2019-09-03,2914.389893,2891.850098,2909.01001,2906.27002,3426790000,2906.27002,9,3,1,2.1,2.13,3.5,0.016,0.842,0.142
2019-09-04,2938.840088,2921.860107,2924.669922,2937.780029,3163260000,2937.780029,9,4,2,2.1,2.13,3.5,0.032,0.806,0.163
2019-09-05,2985.860107,2960.600098,2960.600098,2976,3890700000,2976,9,5,3,2.1,2.13,3.5,0.026,0.826,0.148
2019-09-06,2985.030029,2972.51001,2980.330078,2978.709961,3208280000,2978.709961,9,6,4,2.1,2.12,3.5,0.027,0.807,0.166
2019-09-09,2989.429932,2969.389893,2988.429932,2978.429932,4002890000,2978.429932,9,9,0,2.1,2.13,3.5,0.030,0.795,0.175
2019-09-10,2979.389893,2957.01001,2971.01001,2979.389893,4390770000,2979.389893,9,10,1,2.1,2.13,3.5,0.023,0.807,0.169
2019-09-11,3000.929932,2975.310059,2981.409912,3000.929932,3927550000,3000.929932,9,11,2,2.1,2.13,3.5,0.032,0.816,0.151
2019-09-12,3020.73999,3000.919922,3009.080078,3009.570068,3791860000,3009.570068,9,12,3,2.1,2.13,3.5,0.023,0.828,0.150
2019-09-13,3017.330078,3002.899902,3012.209961,3007.389893,3520060000,3007.389893,9,13,4,2.1,2.14,3.5,0.026,0.817,0.157
2019-09-16,3002.189941,2990.669922,2996.409912,2997.959961,4274640000,2997.959961,9,16,0,2.1,2.25,3.5,0.024,0.832,0.145
2019-09-17,3006.209961,2993.72998,2995.669922,3005.699951,3671840000,3005.699951,9,17,1,2.1,2.3,3.5,0.026,0.801,0.173
2019-09-18,3007.830078,2978.570068,3001.5,3006.72998,3435540000,3006.72998,9,18,2,2.1,2.25,3.5,0.023,0.838,0.139
2019-09-19,3021.98999,3003.159912,3010.360107,3006.790039,3251290000,3006.790039,9,19,3,2.1,1.9,3.5,0.021,0.830,0.149
2019-09-20,3016.370117,2984.679932,3008.419922,2992.070068,6094740000,2992.070068,9,20,4,2.1,1.9,3.5,0.029,0.817,0.154
2019-09-23,2999.149902,2982.22998,2983.5,2991.780029,3186590000,2991.780029,9,23,0,2.1,1.9,3.5,0.014,0.848,0.138
2019-09-24,3007.97998,2957.72998,3002.429932,2966.600098,3868160000,2966.600098,9,24,1,2.1,1.9,3.5,0.023,0.825,0.152
2019-09-25,2989.820068,2952.860107,2968.350098,2984.870117,3318870000,2984.870117,9,25,2,2.1,1.9,3.5,0.030,0.823,0.147
2019-09-26,2987.280029,2963.709961,2985.72998,2977.620117,3077240000,2977.620117,9,26,3,2.1,1.85,3.5,0.027,0.820,0.153
2019-09-27,2987.310059,2945.530029,2985.469971,2961.790039,3243650000,2961.790039,9,27,4,2.1,1.83,3.5,0.023,0.797,0.180
2019-09-30,2983.850098,2967.070068,2967.070068,2976.73999,3247610000,2976.73999,9,30,0,2.1,1.9,3.5,0.029,0.807,0.165
2019-10-01,2992.530029,2938.699951,2983.689941,2940.25,3558040000,2940.25,10,1,1,2.1,1.88,3.6,0.023,0.813,0.163
2019-10-02,2924.780029,2874.929932,2924.780029,2887.610107,3912520000,2887.610107,10,2,2,2.1,1.85,3.6,0.031,0.804,0.165
2019-10-03,2911.129883,2855.939941,2885.379883,2910.629883,3503640000,2910.629883,10,3,3,2.1,1.83,3.6,0.029,0.804,0.167
2019-10-04,2953.73999,2918.560059,2918.560059,2952.01001,2990830000,2952.01001,10,4,4,2.1,1.82,3.6,0.027,0.785,0.187
2019-10-07,2959.75,2935.679932,2944.22998,2938.790039,2940140000,2938.790039,10,7,0,2.1,1.82,3.6,0.020,0.833,0.147
2019-10-08,2925.469971,2892.659912,2920.399902,2893.060059,3356450000,2893.060059,10,8,1,2.1,1.82,3.6,0.014,0.867,0.119
2019-10-09,2929.320068,2907.409912,2911.100098,2919.399902,2726820000,2919.399902,10,9,2,2.1,1.82,3.6,0.018,0.853,0.129
2019-10-10,2948.459961,2917.120117,2918.550049,2938.129883,3217250000,2938.129883,10,10,3,2.1,1.82,3.6,0.026,0.803,0.171
2019-10-11,2993.280029,2963.070068,2963.070068,2970.27002,3580460000,2970.27002,10,11,4,2.1,1.82,3.6,0.029,0.802,0.169
2019-10-14,2972.840088,2962.939941,2965.810059,2966.149902,2557020000,2966.149902,10,14,0,2.1,1.82,3.6,0.029,0.802,0.169
2019-10-15,3003.280029,2973.610107,2973.610107,2995.679932,3340740000,2995.679932,10,15,1,2.1,1.9,3.6,0.023,0.823,0.154
2019-10-16,2997.540039,2985.199951,2989.679932,2989.689941,3222570000,2989.689941,10,16,2,2.1,1.9,3.6,0.032,0.799,0.169
2019-10-17,3008.290039,2991.790039,3000.77002,2997.949951,3115960000,2997.949951,10,17,3,2.1,1.85,3.6,0.033,0.819,0.148
2019-10-18,3000,2976.310059,2996.840088,2986.199951,3264290000,2986.199951,10,18,4,2.1,1.85,3.6,0.024,0.822,0.153
2019-10-21,3007.330078,2995.350098,2996.47998,3006.719971,3271620000,3006.719971,10,21,0,2.1,1.85,3.6,0.025,0.821,0.154
2019-10-22,3014.570068,2995.040039,3010.72998,2995.98999,3523890000,2995.98999,10,22,1,2.1,1.85,3.6,0.037,0.800,0.163
2019-10-23,3004.780029,2991.209961,2994.01001,3004.52002,3392870000,3004.52002,10,23,2,2.1,1.85,3.6,0.034,0.818,0.149
2019-10-24,3016.070068,3000.419922,3014.780029,3010.290039,3692600000,3010.290039,10,24,3,2.1,1.85,3.6,0.030,0.826,0.144
2019-10-25,3027.389893,3001.939941,3003.320068,3022.550049,3370370000,3022.550049,10,25,4,2.1,1.83,3.6,0.025,0.823,0.152
2019-10-28,3044.080078,3032.120117,3032.120117,3039.419922,3521230000,3039.419922,10,28,0,2.1,1.83,3.6,0.032,0.814,0.154
2019-10-29,3047.870117,3034.810059,3035.389893,3036.889893,3589930000,3036.889893,10,29,1,2.1,1.82,3.6,0.035,0.817,0.149
2019-10-30,3050.100098,3025.959961,3039.73999,3046.77002,3776030000,3046.77002,10,30,2,2.1,1.82,3.6,0.036,0.815,0.149
2019-10-31,3046.899902,3023.189941,3046.899902,3037.560059,4139280000,3037.560059,10,31,3,2.1,1.58,3.6,0.037,0.806,0.156
2019-11-01,3066.949951,3050.719971,3050.719971,3066.909912,3930200000,3066.909912,11,1,4,2.1,1.57,3.5,0.025,0.823,0.152
2019-11-04,3085.199951,3074.870117,3078.959961,3078.27002,4146850000,3078.27002,11,4,0,2.1,1.56,3.5,0.034,0.791,0.175
2019-11-05,3083.949951,3072.149902,3080.800049,3074.620117,4486130000,3074.620117,11,5,1,2.1,1.56,3.5,0.032,0.805,0.163
2019-11-06,3078.340088,3065.889893,3075.100098,3076.780029,4458190000,3076.780029,11,6,2,2.1,1.55,3.5,0.035,0.812,0.152
2019-11-07,3097.77002,3080.22998,3087.02002,3085.179932,4144640000,3085.179932,11,7,3,2.1,1.55,3.5,0.036,0.812,0.152
2019-11-08,3093.090088,3073.580078,3081.25,3093.080078,3499150000,3093.080078,11,8,4,2.1,1.55,3.5,0.022,0.817,0.161
2019-11-11,3088.330078,3075.820068,3080.330078,3087.01001,3035530000,3087.01001,11,11,0,2.1,1.55,3.5,0.022,0.817,0.161
2019-11-12,3102.610107,3084.72998,3089.280029,3091.840088,3466010000,3091.840088,11,12,1,2.1,1.55,3.5,0.025,0.824,0.151
2019-11-13,3098.060059,3078.800049,3084.179932,3094.040039,3509280000,3094.040039,11,13,2,2.1,1.55,3.5,0.030,0.823,0.147
2019-11-14,3098.199951,3083.26001,3090.75,3096.629883,3276070000,3096.629883,11,14,3,2.1,1.55,3.5,0.022,0.831,0.147
2019-11-15,3120.459961,3104.600098,3107.919922,3120.459961,3335650000,3120.459961,11,15,4,2.1,1.55,3.5,0.019,0.836,0.145
2019-11-18,3124.169922,3112.060059,3117.909912,3122.030029,3436690000,3122.030029,11,18,0,2.1,1.55,3.5,0.029,0.805,0.166
2019-11-19,3127.639893,3113.469971,3127.449951,3120.179932,3590070000,3120.179932,11,19,1,2.1,1.55,3.5,0.024,0.821,0.155
2019-11-20,3118.969971,3091.409912,3114.659912,3108.459961,4034890000,3108.459961,11,20,2,2.1,1.55,3.5,0.026,0.818,0.157
2019-11-21,3110.110107,3094.550049,3108.48999,3103.540039,3720560000,3103.540039,11,21,3,2.1,1.55,3.5,0.031,0.812,0.157
2019-11-22,3112.870117,3099.26001,3111.409912,3110.290039,3226780000,3110.290039,11,22,4,2.1,1.55,3.5,0.020,0.840,0.140
2019-11-25,3133.830078,3117.439941,3117.439941,3133.639893,3511530000,3133.639893,11,25,0,2.1,1.55,3.5,0.028,0.815,0.157
2019-11-26,3142.689941,3131,3134.850098,3140.52002,4595590000,3140.52002,11,26,1,2.1,1.55,3.5,0.026,0.828,0.146
2019-11-27,3154.26001,3143.409912,3145.48999,3153.629883,3033090000,3153.629883,11,27,2,2.1,1.55,3.5,0.027,0.794,0.179
2019-11-29,3150.300049,3139.340088,3147.179932,3140.97998,1743020000,3140.97998,11,29,4,2.1,1.56,3.5,0.025,0.813,0.162
2019-12-02,3144.310059,3110.780029,3143.850098,3113.870117,3268740000,3113.870117,12,2,0,2.1,1.56,3.5,0.022,0.833,0.146
2019-12-03,3094.969971,3070.330078,3087.409912,3093.199951,3653390000,3093.199951,12,3,1,2.1,1.55,3.5,0.026,0.831,0.143
2019-12-04,3119.379883,3102.530029,3103.5,3112.76001,3695030000,3112.76001,12,4,2,2.1,1.55,3.5,0.023,0.818,0.159
2019-12-05,3119.449951,3103.76001,3119.209961,3117.429932,3355750000,3117.429932,12,5,3,2.1,1.55,3.5,0.026,0.824,0.150
2019-12-06,3150.600098,3134.620117,3134.620117,3145.909912,3479480000,3145.909912,12,6,4,2.1,1.55,3.5,0.025,0.799,0.176
2019-12-09,3148.870117,3135.459961,3141.860107,3135.959961,3345990000,3135.959961,12,9,0,2.1,1.55,3.5,0.020,0.827,0.153
2019-12-10,3142.120117,3126.090088,3135.360107,3132.52002,3343790000,3132.52002,12,10,1,2.1,1.55,3.5,0.023,0.812,0.165
2019-12-11,3143.97998,3133.209961,3135.75,3141.629883,3252540000,3141.629883,12,11,2,2.1,1.55,3.5,0.031,0.814,0.156
2019-12-12,3176.280029,3138.469971,3141.22998,3168.570068,3990690000,3168.570068,12,12,3,2.1,1.55,3.5,0.024,0.826,0.150
2019-12-13,3182.679932,3156.51001,3166.649902,3168.800049,3736870000,3168.800049,12,13,4,2.1,1.55,3.5,0.018,0.835,0.147
2019-12-16,3197.709961,3183.629883,3183.629883,3191.449951,4051790000,3191.449951,12,16,0,2.1,1.56,3.5,0.024,0.826,0.151
2019-12-17,3198.219971,3191.030029,3195.399902,3192.52002,3837540000,3192.52002,12,17,1,2.1,1.55,3.5,0.033,0.814,0.153
2019-12-18,3198.47998,3191.139893,3195.209961,3191.139893,4014080000,3191.139893,12,18,2,2.1,1.55,3.5,0.020,0.811,0.169
2019-12-19,3205.47998,3192.320068,3192.320068,3205.370117,3720450000,3205.370117,12,19,3,2.1,1.55,3.5,0.023,0.832,0.145
2019-12-20,3225.649902,3216.030029,3223.330078,3221.219971,6454270000,3221.219971,12,20,4,2.1,1.55,3.5,0.021,0.824,0.155
2019-12-23,3227.780029,3222.300049,3226.050049,3224.01001,3060610000,3224.01001,12,23,0,2.1,1.55,3.5,0.018,0.823,0.160
2019-12-24,3226.429932,3220.51001,3225.449951,3223.379883,1296540000,3223.379883,12,24,1,2.1,1.55,3.5,0.018,0.823,0.160
2019-12-26,3240.080078,3227.199951,3227.199951,3239.909912,2160680000,3239.909912,12,26,3,2.1,1.55,3.5,0.035,0.785,0.180
2019-12-27,3247.929932,3234.370117,3247.22998,3240.02002,2428670000,3240.02002,12,27,4,2.1,1.55,3.5,0.017,0.828,0.155
2019-12-30,3240.919922,3216.570068,3240.090088,3221.290039,3013290000,3221.290039,12,30,0,2.1,1.55,3.5,0.026,0.805,0.169
2019-12-31,3231.719971,3212.030029,3215.179932,3230.780029,2893810000,3230.780029,12,31,1,2.1,1.55,3.5,0.041,0.788,0.172
2020-01-02,3258.139893,3235.530029,3244.669922,3257.850098,3458250000,3257.850098,1,2,3,0.01,1.55,3.6,0.016,0.853,0.132
2020-01-03,3246.149902,3222.340088,3226.360107,3234.850098,3461290000,3234.850098,1,3,4,0.01,1.55,3.6,0.029,0.794,0.177
2020-01-06,3246.840088,3214.639893,3217.550049,3246.280029,3674070000,3246.280029,1,6,0,0.01,1.55,3.6,0.018,0.834,0.148
2020-01-07,3244.909912,3232.429932,3241.860107,3237.179932,3420380000,3237.179932,1,7,1,0.01,1.55,3.6,0.022,0.831,0.148
2020-01-08,3267.070068,3236.669922,3238.590088,3253.050049,3720890000,3253.050049,1,8,2,0.01,1.55,3.6,0.026,0.828,0.146
2020-01-09,3275.580078,3263.669922,3266.030029,3274.699951,3638390000,3274.699951,1,9,3,0.01,1.55,3.6,0.024,0.819,0.157
2020-01-10,3282.98999,3260.860107,3281.810059,3265.350098,3212970000,3265.350098,1,10,4,0.01,1.54,3.6,0.011,0.867,0.122
2020-01-13,3288.129883,3268.429932,3271.129883,3288.129883,3456380000,3288.129883,1,13,0,0.01,1.54,3.6,0.029,0.829,0.142
2020-01-14,3294.25,3277.189941,3285.350098,3283.149902,3665130000,3283.149902,1,14,1,0.01,1.54,3.6,0.027,0.827,0.146
2020-01-15,3298.659912,3280.689941,3282.27002,3289.290039,3716840000,3289.290039,1,15,2,0.01,1.54,3.6,0.034,0.808,0.158
2020-01-16,3317.110107,3302.820068,3302.969971,3316.810059,3535080000,3316.810059,1,16,3,0.01,1.54,3.6,0.035,0.819,0.146
2020-01-17,3329.879883,3318.860107,3323.659912,3329.620117,3698170000,3329.620117,1,17,4,0.01,1.55,3.6,0.027,0.817,0.157
2020-01-21,3329.790039,3316.610107,3321.030029,3320.790039,4105340000,3320.790039,1,21,1,0.01,1.55,3.6,0.027,0.823,0.150
2020-01-22,3337.77002,3320.040039,3330.02002,3321.75,3619850000,3321.75,1,22,2,0.01,1.55,3.6,0.029,0.805,0.166
2020-01-23,3326.879883,3301.870117,3315.77002,3325.540039,3764860000,3325.540039,1,23,3,0.01,1.55,3.6,0.033,0.807,0.159
2020-01-24,3333.179932,3281.530029,3333.100098,3295.469971,3707130000,3295.469971,1,24,4,0.01,1.55,3.6,0.029,0.807,0.164
2020-01-27,3258.850098,3234.5,3247.159912,3243.629883,3823100000,3243.629883,1,27,0,0.01,1.55,3.6,0.028,0.824,0.148
2020-01-28,3285.780029,3253.219971,3255.350098,3276.23999,3526720000,3276.23999,1,28,1,0.01,1.55,3.6,0.033,0.817,0.150
2020-01-29,3293.469971,3271.889893,3289.459961,3273.399902,3584500000,3273.399902,1,29,2,0.01,1.55,3.6,0.033,0.816,0.151
2020-01-30,3285.909912,3242.800049,3256.449951,3283.659912,3787250000,3283.659912,1,30,3,0.01,1.6,3.6,0.036,0.805,0.159
2020-01-31,3282.330078,3214.679932,3282.330078,3225.52002,4527830000,3225.52002,1,31,4,0.01,1.59,3.6,0.030,0.807,0.163
2020-02-03,3268.439941,3235.659912,3235.659912,3248.919922,3757910000,3248.919922,2,3,0,0.01,1.59,3.5,0.028,0.827,0.146
2020-02-04,3306.919922,3280.610107,3280.610107,3297.590088,3995320000,3297.590088,2,4,1,0.01,1.59,3.5,0.037,0.813,0.149
2020-02-05,3337.580078,3313.75,3324.909912,3334.689941,4117730000,3334.689941,2,5,2,0.01,1.59,3.5,0.034,0.803,0.163
2020-02-06,3347.959961,3334.389893,3344.919922,3345.780029,3868370000,3345.780029,2,6,3,0.01,1.59,3.5,0.034,0.817,0.149
2020-02-07,3341.419922,3322.120117,3335.540039,3327.709961,3730650000,3327.709961,2,7,4,0.01,1.58,3.5,0.024,0.831,0.145
2020-02-10,3352.26001,3317.77002,3318.280029,3352.090088,3450350000,3352.090088,2,10,0,0.01,1.58,3.5,0.030,0.814,0.156
2020-02-11,3375.629883,3352.719971,3365.870117,3357.75,3760550000,3357.75,2,11,1,0.01,1.58,3.5,0.033,0.810,0.157
2020-02-12,3381.469971,3369.719971,3370.5,3379.449951,3926380000,3379.449951,2,12,2,0.01,1.58,3.5,0.030,0.821,0.149
2020-02-13,3385.090088,3360.52002,3365.899902,3373.939941,3498240000,3373.939941,2,13,3,0.01,1.58,3.5,0.033,0.817,0.151
2020-02-14,3380.689941,3366.149902,3378.080078,3380.159912,3398040000,3380.159912,2,14,4,0.01,1.58,3.5,0.025,0.816,0.159
2020-02-18,3375.01001,3355.610107,3369.040039,3370.290039,3746720000,3370.290039,2,18,1,0.01,1.59,3.5,0.025,0.825,0.150
2020-02-19,3393.52002,3378.830078,3380.389893,3386.149902,3600150000,3386.149902,2,19,2,0.01,1.59,3.5,0.030,0.812,0.158
2020-02-20,3389.149902,3341.02002,3380.449951,3373.22998,4007320000,3373.22998,2,20,3,0.01,1.59,3.5,0.033,0.808,0.159
2020-02-21,3360.76001,3328.449951,3360.5,3337.75,3899270000,3337.75,2,21,4,0.01,1.58,3.5,0.029,0.806,0.165
2020-02-24,3259.810059,3214.649902,3257.610107,3225.889893,4842960000,3225.889893,2,24,0,0.01,1.58,3.5,0.029,0.816,0.155
2020-02-25,3246.98999,3118.77002,3238.939941,3128.209961,5591510000,3128.209961,2,25,1,0.01,1.58,3.5,0.026,0.817,0.156
2020-02-26,3182.51001,3108.98999,3139.899902,3116.389893,5478110000,3116.389893,2,26,2,0.01,1.58,3.5,0.028,0.812,0.160
2020-02-27,3097.070068,2977.389893,3062.540039,2978.76001,7058840000,2978.76001,2,27,3,0.01,1.58,3.5,0.036,0.808,0.156
2020-02-28,2959.719971,2855.840088,2916.899902,2954.219971,8563850000,2954.219971,2,28,4,0.01,1.58,3.5,0.022,0.821,0.157
2020-03-02,3090.959961,2945.189941,2974.280029,3090.22998,6376400000,3090.22998,3,2,0,0.01,1.59,4.4,0.020,0.840,0.140
2020-03-03,3136.719971,2976.629883,3096.459961,3003.370117,6355940000,3003.370117,3,3,1,0.01,1.59,4.4,0.027,0.810,0.163
2020-03-04,3130.969971,3034.379883,3045.75,3130.120117,5035480000,3130.120117,3,4,2,0.01,1.09,4.4,0.027,0.821,0.152
2020-03-05,3083.040039,2999.830078,3075.699951,3023.939941,5575550000,3023.939941,3,5,3,0.01,1.09,4.4,0.027,0.822,0.150
2020-03-06,2985.929932,2901.540039,2954.199951,2972.370117,6552140000,2972.370117,3,6,4,0.01,1.09,4.4,0.022,0.823,0.155
2020-03-09,2863.889893,2734.429932,2863.889893,2746.560059,8423050000,2746.560059,3,9,0,0.01,1.09,4.4,0.028,0.822,0.150
2020-03-10,2882.590088,2734,2813.47998,2882.22998,7635960000,2882.22998,3,10,1,0.01,1.09,4.4,0.024,0.826,0.150
2020-03-11,2825.600098,2707.219971,2825.600098,2741.379883,7374110000,2741.379883,3,11,2,0.01,1.09,4.4,0.027,0.811,0.161
2020-03-12,2660.949951,2478.860107,2630.860107,2480.639893,8829380000,2480.639893,3,12,3,0.01,1.1,4.4,0.026,0.829,0.144
2020-03-13,2711.330078,2492.370117,2569.98999,2711.02002,8258670000,2711.02002,3,13,4,0.01,1.1,4.4,0.019,0.828,0.153
2020-03-16,2562.97998,2380.939941,2508.590088,2386.129883,7781540000,2386.129883,3,16,0,0.01,0.25,4.4,0.023,0.835,0.142
2020-03-17,2553.929932,2367.040039,2425.659912,2529.189941,8358500000,2529.189941,3,17,1,0.01,0.25,4.4,0.027,0.820,0.153
2020-03-18,2453.570068,2280.52002,2436.5,2398.100098,8755780000,2398.100098,3,18,2,0.01,0.25,4.4,0.026,0.832,0.142
2020-03-19,2466.969971,2319.780029,2393.47998,2409.389893,7946710000,2409.389893,3,19,3,0.01,0.2,4.4,0.028,0.823,0.149
2020-03-20,2453.01001,2295.560059,2431.939941,2304.919922,9044690000,2304.919922,3,20,4,0.01,0.15,4.4,0.031,0.811,0.157
2020-03-23,2300.72998,2191.860107,2290.709961,2237.399902,7402180000,2237.399902,3,23,0,0.01,0.15,4.4,0.022,0.839,0.139
2020-03-24,2449.709961,2344.439941,2344.439941,2447.330078,7547350000,2447.330078,3,24,1,0.01,0.12,4.4,0.027,0.828,0.145
2020-03-25,2571.419922,2407.530029,2457.77002,2475.560059,8285670000,2475.560059,3,25,2,0.01,0.1,4.4,0.026,0.832,0.142
2020-03-26,2637.01001,2500.719971,2501.290039,2630.070068,7753160000,2630.070068,3,26,3,0.01,0.1,4.4,0.032,0.813,0.155
2020-03-27,2615.909912,2520.02002,2555.870117,2541.469971,6194330000,2541.469971,3,27,4,0.01,0.1,4.4,0.028,0.818,0.154
2020-03-30,2631.800049,2545.280029,2558.97998,2626.649902,5746220000,2626.649902,3,30,0,0.01,0.09,4.4,0.029,0.819,0.152
2020-03-31,2641.389893,2571.149902,2614.689941,2584.590088,6568290000,2584.590088,3,31,1,0.01,0.08,4.4,0.032,0.819,0.149
2020-04-01,2522.75,2447.48999,2498.080078,2470.5,5947900000,2470.5,4,1,2,0.01,0.06,4.4,0.029,0.817,0.155
2020-04-02,2533.219971,2455.790039,2458.540039,2526.899902,6454990000,2526.899902,4,2,3,0.01,0.05,4.4,0.028,0.815,0.157
2020-04-03,2538.179932,2459.959961,2514.919922,2488.649902,6087190000,2488.649902,4,3,4,0.01,0.05,4.4,0.030,0.820,0.150
2020-04-06,2676.850098,2574.570068,2578.280029,2663.679932,6391860000,2663.679932,4,6,0,0.01,0.05,4.4,0.031,0.822,0.147
2020-04-07,2756.889893,2657.669922,2738.649902,2659.409912,7040720000,2659.409912,4,7,1,0.01,0.05,4.4,0.027,0.825,0.148
2020-04-08,2760.75,2663.300049,2685,2749.97998,5856370000,2749.97998,4,8,2,0.01,0.05,4.4,0.031,0.814,0.155
2020-04-09,2818.570068,2762.360107,2776.98999,2789.820068,7880140000,2789.820068,4,9,3,0.01,0.05,4.4,0.024,0.833,0.143
2020-04-13,2782.459961,2721.169922,2782.459961,2761.629883,5274310000,2761.629883,4,13,0,0.01,0.05,4.4,0.032,0.819,0.149
2020-04-14,2851.850098,2805.100098,2805.100098,2846.060059,5567400000,2846.060059,4,14,1,0.01,0.05,4.4,0.032,0.813,0.155
2020-04-15,2801.879883,2761.540039,2795.639893,2783.360107,5203390000,2783.360107,4,15,2,0.01,0.05,4.4,0.028,0.810,0.163
2020-04-16,2806.51001,2764.320068,2799.340088,2799.550049,5179990000,2799.550049,4,16,3,0.01,0.05,4.4,0.031,0.818,0.151
2020-04-17,2879.219971,2830.879883,2842.429932,2874.560059,5792140000,2874.560059,4,17,4,0.01,0.05,4.4,0.031,0.810,0.159
2020-04-20,2868.97998,2820.429932,2845.620117,2823.159912,5220160000,2823.159912,4,20,0,0.01,0.05,4.4,0.030,0.812,0.158
2020-04-21,2785.540039,2727.100098,2784.810059,2736.560059,5075830000,2736.560059,4,21,1,0.01,0.05,4.4,0.044,0.796,0.161
2020-04-22,2815.100098,2775.949951,2787.889893,2799.310059,5049660000,2799.310059,4,22,2,0.01,0.05,4.4,0.040,0.813,0.147
2020-04-23,2844.899902,2794.26001,2810.419922,2797.800049,5756520000,2797.800049,4,23,3,0.01,0.04,4.4,0.035,0.810,0.154
2020-04-24,2842.709961,2791.76001,2812.639893,2836.73999,5374480000,2836.73999,4,24,4,0.01,0.05,4.4,0.028,0.827,0.145
2020-04-27,2887.719971,2852.889893,2854.649902,2878.47998,5194260000,2878.47998,4,27,0,0.01,0.04,4.4,0.031,0.826,0.144
2020-04-28,2921.149902,2860.709961,2909.959961,2863.389893,5672880000,2863.389893,4,28,1,0.01,0.04,4.4,0.036,0.818,0.146
2020-04-29,2954.860107,2912.159912,2918.459961,2939.51001,6620140000,2939.51001,4,29,2,0.01,0.04,4.4,0.032,0.819,0.150
2020-04-30,2930.909912,2892.469971,2930.909912,2912.429932,6523120000,2912.429932,4,30,3,0.01,0.05,4.4,0.038,0.809,0.153